0.jpg 0.781632653061 0.0460122699387 0.104081632653 0.168711656442
1.jpg 0.820408163265 0.101226993865 0.102040816327 0.134969325153
10.jpg 0.457142857143 0.349693251534 0.0673469387755 0.156441717791
100.jpg 0.748979591837 0.79754601227 0.140816326531 0.128834355828
101.jpg 0.136734693878 0.588957055215 0.120408163265 0.134969325153
102.jpg 0.397959183673 0.558282208589 0.114285714286 0.131901840491
103.jpg 0.185714285714 0.705521472393 0.120408163265 0.138036809816
104.jpg 0.683673469388 0.196319018405 0.110204081633 0.110429447853
105.jpg 0.532653061224 0.769938650307 0.0897959183673 0.150306748466
106.jpg 0.610204081633 0.306748466258 0.120408163265 0.150306748466
107.jpg 0.173469387755 0.40490797546 0.108163265306 0.147239263804
108.jpg 0.440816326531 0.420245398773 0.0857142857143 0.153374233129
109.jpg 0.748979591837 0.199386503067 0.116326530612 0.116564417178
11.jpg 0.777551020408 0.610429447853 0.069387755102 0.162576687117
110.jpg 0.512244897959 0.503067484663 0.0918367346939 0.153374233129
111.jpg 0.397959183673 0.662576687117 0.114285714286 0.125766871166
112.jpg 0.375510204082 0.794478527607 0.116326530612 0.101226993865
113.jpg 0.459183673469 0.441717791411 0.108163265306 0.113496932515
114.jpg 0.740816326531 0.628834355828 0.112244897959 0.10736196319
115.jpg 0.716326530612 0.266871165644 0.110204081633 0.11963190184
116.jpg 0.395918367347 0.739263803681 0.114285714286 0.116564417178
117.jpg 0.595918367347 0.150306748466 0.0979591836735 0.141104294479
118.jpg 0.475510204082 0.423312883436 0.112244897959 0.125766871166
119.jpg 0.428571428571 0.377300613497 0.104081632653 0.138036809816
12.jpg 0.15306122449 0.812883435583 0.0632653061224 0.113496932515
120.jpg 0.781632653061 0.674846625767 0.108163265306 0.0920245398773
121.jpg 0.171428571429 0.800613496933 0.1 0.153374233129
122.jpg 0.163265306122 0.757668711656 0.116326530612 0.116564417178
123.jpg 0.420408163265 0.460122699387 0.1 0.144171779141
124.jpg 0.708163265306 0.104294478528 0.116326530612 0.134969325153
125.jpg 0.822448979592 0.766871165644 0.126530612245 0.141104294479
126.jpg 0.391836734694 0.156441717791 0.114285714286 0.138036809816
127.jpg 0.15306122449 0.822085889571 0.142857142857 0.150306748466
128.jpg 0.642857142857 0.211656441718 0.0979591836735 0.168711656442
129.jpg 0.134693877551 0.19018404908 0.108163265306 0.147239263804
13.jpg 0.332653061224 0.236196319018 0.0918367346939 0.0766871165644
130.jpg 0.0959183673469 0.576687116564 0.104081632653 0.141104294479
131.jpg 0.726530612245 0.598159509202 0.116326530612 0.110429447853
132.jpg 0.224489795918 0.368098159509 0.116326530612 0.150306748466
133.jpg 0.175510204082 0.147239263804 0.108163265306 0.110429447853
134.jpg 0.575510204082 0.411042944785 0.112244897959 0.11963190184
14.jpg 0.169387755102 0.315950920245 0.102040816327 0.10736196319
15.jpg 0.24693877551 0.803680981595 0.0959183673469 0.187116564417
16.jpg 0.536734693878 0.276073619632 0.0857142857143 0.0981595092025
17.jpg 0.461224489796 0.450920245399 0.0673469387755 0.116564417178
18.jpg 0.620408163265 0.294478527607 0.0857142857143 0.110429447853
20.jpg 0.297959183673 0.705521472393 0.0918367346939 0.150306748466
22.jpg 0.157142857143 0.496932515337 0.0897959183673 0.153374233129
23.jpg 0.377551020408 0.542944785276 0.0734693877551 0.159509202454
24.jpg 0.779591836735 0.239263803681 0.0755102040816 0.131901840491
25.jpg 0.516326530612 0.165644171779 0.0979591836735 0.174846625767
26.jpg 0.195918367347 0.656441717791 0.120408163265 0.165644171779
27.jpg 0.581632653061 0.260736196319 0.0897959183673 0.0920245398773
29.jpg 0.169387755102 0.29754601227 0.0877551020408 0.138036809816
3.jpg 0.634693877551 0.631901840491 0.0979591836735 0.125766871166
30.jpg 0.1 0.331288343558 0.0959183673469 0.0828220858896
31.jpg 0.608163265306 0.248466257669 0.069387755102 0.144171779141
32.jpg 0.591836734694 0.0674846625767 0.0959183673469 0.116564417178
33.jpg 0.0795918367347 0.273006134969 0.069387755102 0.162576687117
34.jpg 0.240816326531 0.248466257669 0.0632653061224 0.128834355828
35.jpg 0.389795918367 0.585889570552 0.0734693877551 0.0981595092025
36.jpg 0.79387755102 0.711656441718 0.0959183673469 0.0920245398773
37.jpg 0.802040816327 0.616564417178 0.0897959183673 0.0889570552147
38.jpg 0.224489795918 0.751533742331 0.069387755102 0.110429447853
39.jpg 0.571428571429 0.291411042945 0.0857142857143 0.0858895705521
4.jpg 0.624489795918 0.567484662577 0.0857142857143 0.0858895705521
40.jpg 0.64693877551 0.601226993865 0.0857142857143 0.0644171779141
41.jpg 0.140816326531 0.699386503067 0.0775510204082 0.0552147239264
42.jpg 0.722448979592 0.754601226994 0.0734693877551 0.116564417178
43.jpg 0.618367346939 0.325153374233 0.1 0.113496932515
44.jpg 0.0816326530612 0.481595092025 0.0816326530612 0.138036809816
45.jpg 0.844897959184 0.368098159509 0.0795918367347 0.138036809816
46.jpg 0.475510204082 0.411042944785 0.0877551020408 0.0950920245399
47.jpg 0.148979591837 0.0613496932515 0.0857142857143 0.0889570552147
48.jpg 0.563265306122 0.0705521472393 0.0836734693878 0.0766871165644
49.jpg 0.814285714286 0.59509202454 0.108163265306 0.116564417178
5.jpg 0.812244897959 0.144171779141 0.069387755102 0.150306748466
50.jpg 0.344897959184 0.723926380368 0.118367346939 0.11963190184
51.jpg 0.210204081633 0.527607361963 0.0673469387755 0.171779141104
52.jpg 0.495918367347 0.226993865031 0.0938775510204 0.11963190184
53.jpg 0.287755102041 0.0153374233129 0.0897959183673 0.125766871166
54.jpg 0.640816326531 0.708588957055 0.0877551020408 0.0889570552147
55.jpg 0.271428571429 0.41717791411 0.0959183673469 0.101226993865
57.jpg 0.830612244898 0.576687116564 0.0979591836735 0.104294478528
58.jpg 0.795918367347 0.101226993865 0.0959183673469 0.10736196319
59.jpg 0.297959183673 0.653374233129 0.0775510204082 0.131901840491
6.jpg 0.308163265306 0.726993865031 0.0857142857143 0.104294478528
60.jpg 0.116326530612 0.279141104294 0.065306122449 0.147239263804
61.jpg 0.285714285714 0.28527607362 0.0938775510204 0.10736196319
62.jpg 0.118367346939 0.196319018405 0.069387755102 0.113496932515
63.jpg 0.25306122449 0.769938650307 0.0775510204082 0.141104294479
64.jpg 0.216326530612 0.800613496933 0.108163265306 0.0705521472393
66.jpg 0.769387755102 0.503067484663 0.0938775510204 0.079754601227
67.jpg 0.00612244897959 0.754601226994 0.0877551020408 0.162576687117
68.jpg 0.0408163265306 0.0398773006135 0.102040816327 0.196319018405
69.jpg 0.183673469388 0.641104294479 0.110204081633 0.113496932515
7.jpg 0.065306122449 0.116564417178 0.1 0.104294478528
70.jpg 0.367346938776 0.184049079755 0.110204081633 0.11963190184
71.jpg 0.795918367347 0.656441717791 0.0979591836735 0.159509202454
72.jpg 0.624489795918 0.300613496933 0.124489795918 0.144171779141
73.jpg 0.418367346939 0.457055214724 0.112244897959 0.162576687117
74.jpg 0.195918367347 0.144171779141 0.118367346939 0.128834355828
75.jpg 0.716326530612 0.69018404908 0.120408163265 0.128834355828
76.jpg 0.761224489796 0.659509202454 0.112244897959 0.10736196319
77.jpg 0.381632653061 0.447852760736 0.120408163265 0.122699386503
78.jpg 0.704081632653 0.420245398773 0.108163265306 0.131901840491
79.jpg 0.659183673469 0.365030674847 0.110204081633 0.165644171779
8.jpg 0.60612244898 0.288343558282 0.0979591836735 0.113496932515
80.jpg 0.712244897959 0.21472392638 0.114285714286 0.125766871166
81.jpg 0.426530612245 0.812883435583 0.138775510204 0.10736196319
82.jpg 0.548979591837 0.0736196319018 0.10612244898 0.104294478528
83.jpg 0.524489795918 0.162576687117 0.114285714286 0.101226993865
84.jpg 0.65306122449 0.650306748466 0.118367346939 0.125766871166
85.jpg 0.118367346939 0.184049079755 0.128571428571 0.134969325153
86.jpg 0.187755102041 0.131901840491 0.0857142857143 0.165644171779
87.jpg 0.232653061224 0.217791411043 0.116326530612 0.144171779141
88.jpg 0.267346938776 0.248466257669 0.112244897959 0.150306748466
89.jpg 0.216326530612 0.306748466258 0.112244897959 0.10736196319
9.jpg 0.322448979592 0.230061349693 0.0795918367347 0.10736196319
90.jpg 0.212244897959 0.460122699387 0.108163265306 0.125766871166
91.jpg 0.444897959184 0.153374233129 0.116326530612 0.134969325153
92.jpg 0.579591836735 0.638036809816 0.122448979592 0.138036809816
93.jpg 0.755102040816 0.211656441718 0.114285714286 0.116564417178
94.jpg 0.289795918367 0.374233128834 0.0918367346939 0.153374233129
95.jpg 0.197959183673 0.257668711656 0.116326530612 0.116564417178
96.jpg 0.410204081633 0.79754601227 0.124489795918 0.10736196319
97.jpg 0.704081632653 0.368098159509 0.114285714286 0.116564417178
98.jpg 0.489795918367 0.739263803681 0.122448979592 0.153374233129
99.jpg 0.314285714286 0.453987730061 0.114285714286 0.156441717791